p = nan(36,0);

x = [     226615      216289
     222391      212331
     218882      208355
     234758      223144
     242403      231357
     243557      231232
     221233      210313
     221667      212386
     232093      224158
     247783      245917
     245832      247355
     219977      227403
     183501      191527
     127080      135314
      85199       96204
      60345       75516
      42228       63106
      39073       81588
];
p = [p x(:)];
           
x = [        924         880
        892         849
        819         796
        878         747
        621         584
        721         690
        680         602
        585         531
        578         513
        562         506
        501         507
        497         467
        366         371
        300         259
        208         211
        150         175
        120         144
         90         178
];
p = [p x(:)];
           
x = [        744         708
        731         697
        840         734
        814         794
        636         618
        716         749
        692         722
        638         665
        619         689
        716         805
        779         829
        719         781
        602         662
        519         607
        428         472
        300         382
        221         323
        193         438
];
p = [p x(:)];
           
x = [       6401        6105
       6037        5760
       6115        5816
       6170        6007
       5369        5333
       5980        5915
       5153        5093
       4791        4766
       5004        5053
       5681        5800
       5852        5935
       5365        5338
       4412        4298
       2928        2994
       1870        2195
       1274        1684
        886        1396
        769        1691
];
p = [p x(:)];
           
     x = [       2815        2686
       2769        2636
       2719        2690
       2971        2773
       2601        2542
       2716        2526
       2275        2123
       2207        2215
       2391        2234
       2526        2603
       2697        2735
       2656        2506
       2016        2046
       1442        1545
       1121        1187
        837         996
        612         874
        568        1137
];
p = [p x(:)];
           
x = [       1902        1821
       1789        1712
       1874        1787
       2407        2005
       2294        1867
       2143        1958
       1668        1620
       1466        1454
       1516        1532
       1981        2141
       2272        2492
       2462        2675
       2256        2566
       1974        2313
       1746        1881
       1435        1634
       1125        1334
        988        1664
];
p = [p x(:)];
           
x = [      16170       15427
      15798       15074
      16696       15920
      16265       15404
      13639       13482
      14018       13903
      13215       13569
      15344       14950
      15547       15447
      16138       16351
      15710       15695
      13767       14460
      11527       12286
       8145        8587
       5163        5792
       3294        4046
       2254        3373
       1957        4066
];
p = [p x(:)];
           
x = [         96          91
         98          92
        113         148
        134         122
         84          95
        109          94
        122         112
         94         103
        122         111
        143         155
        148         163
        164         155
        159         149
        124         125
         85          92
         60          81
         50          67
         51          89
];
p = [p x(:)];
           
x = [       3942        3761
       3841        3662
       3674        3594
       3951        3739
       3394        3329
       3659        3593
       3649        3459
       3404        3337
       3393        3396
       3682        3713
       3847        3794
       3530        3552
       3142        3157
       2288        2346
       1609        1749
       1151        1373
        797        1191
        725        1480
];
p = [p x(:)];
           
x = [       1518        1451
       1380        1318
       1494        1434
       1469        1470
       1385        1286
       1439        1464
       1106        1110
       1168        1162
       1114        1160
       1400        1413
       1355        1439
       1260        1276
       1016        1004
        748         831
        553         601
        434         516
        293         404
        263         462
];
p = [p x(:)];
           
x = [        217         208
        231         220
        271         261
        410         299
        198         179
        196         195
        235         223
        233         243
        230         246
        271         292
        330         329
        410         342
        331         304
        229         249
        223         187
        159         131
         77          76
         56          93
];
p = [p x(:)];
           
x = [       3042        2901
       2959        2823
       2645        2384
       2390        2157
       2044        1725
       2493        2125
       2188        1944
       1815        1706
       1798        1529
       1679        1607
       1658        1434
       1509        1307
       1096         998
        726         667
        480         488
        336         449
        252         394
        227         417
];
p = [p x(:)];
           
x = [         75          70
         73          69
         71          68
         81          78
         58          52
         80          80
         60          48
         60          56
         57          79
         92          94
        101          97
        120         121
         83          86
         64          50
         49          58
         49          63
         27          45
         36          60
];
p = [p x(:)];
           
x = [       4133        3942
       4001        3816
       3677        3524
       3462        3181
       2946        2902
       3654        3334
       3237        2727
       2988        2660
       2730        2515
       2736        2612
       2661        2582
       2402        2266
       1944        1892
       1488        1426
       1042        1143
        846        1020
        590         817
        532         903
];
p = [p x(:)];
           
x = [       2300        2202
       2249        2155
       2238        2166
       2533        2416
       2586        2071
       2632        2235
       1962        2100
       1626        1798
       1906        1944
       2178        2338
       2461        2569
       2464        2356
       2133        2141
       1602        1634
       1172        1311
        931        1089
        684         905
        607        1184
];
p = [p x(:)];
           
x = [       2424        2329
       2590        2512
       2803        2599
       2560        2217
       2409        1906
       2666        2027
       2598        2375
       2370        2384
       2326        2453
       2824        2942
       2803        3031
       2605        3073
       2388        2731
       1993        2503
       1743        1850
       1300        1424
        878        1060
        744        1210
];
p = [p x(:)];
           
x = [        639         613
        691         666
        717         743
        764         726
        530         490
        739         660
        774         616
        704         663
        787         810
        929        1008
       1193        1347
       1299        1526
       1353        1582
       1143        1353
        946        1037
        829         775
        539         622
        436         643
];
p = [p x(:)];
           
