function [fcst stuff] = cafcst();
    ## California forecast for 2010, jumpoff 2003, from DOF
         
    stuff.info = "Total Population 2000-2010 in 5-year Cohorts:  Baseline 2003 Projection Series, DRU, California Department of Finance";
    fcst = [
            56691	51396	46822	53138	58110	64792	68159	68534	65736	61985	55697	46897	39409	25408	16594	11724	8533	7848	54714	49706	45048	50572	54697	62141	71332	74333	68391	63707	57335	50797	44150	29603	21124	16499	13672	15870
            25	24	33	34	44	50	53	39	28	56	63	72	60	29	33	28	20	17	25	21	43	33	49	61	40	31	40	43	58	47	51	33	36	21	12	25
            816	752	938	2043	1657	1356	1083	1250	1327	1677	1732	1548	1575	1242	970	691	498	323	756	699	948	1116	1131	806	492	739	982	1387	1474	1607	1579	1241	1049	711	567	525
            6654	5675	6337	9496	12599	8751	7191	5165	4645	7012	7754	7538	6753	5193	4058	3092	2148	2002	6226	5233	5630	8836	11872	8205	6275	4841	5734	7748	8429	8286	7470	5890	4793	3749	3088	3652
            1070	1039	1361	1833	1748	1320	767	1083	1499	1883	2013	1996	2022	1681	1396	1006	582	332	1039	986	1255	1705	1592	1022	733	1071	1479	1899	2222	2312	2193	1854	1478	931	646	551
            929	806	789	929	1054	1149	823	668	697	668	712	630	511	357	286	193	129	127	932	828	805	922	917	900	650	641	671	730	755	661	483	393	269	241	209	233
            36455	36684	39196	43645	39967	33741	30607	37420	42866	44951	41781	34820	29094	19339	12740	8828	6620	6310	34933	35076	37573	41243	37532	32286	31885	39996	45407	47657	43778	37319	32357	22084	15789	12497	10618	13204
            842	717	769	1021	1509	1755	1205	1229	1017	1082	1139	1017	825	598	425	337	259	208	812	692	765	956	1063	927	537	584	767	1002	1091	919	806	646	532	431	304	338
            5127	5061	6100	7633	7257	5424	3600	4707	6236	7749	8261	7751	6517	4484	3173	2205	1377	1033	4912	4830	5571	7090	6800	4892	3312	4946	6753	8415	8887	7879	6526	4673	3340	2408	1713	1829
            42329	36206	33297	40057	43217	43080	38177	32319	30149	30898	28684	24171	19556	13589	9779	7019	5085	4676	40611	34486	31484	37663	40142	38496	33276	29008	27668	29502	27799	24659	20522	14866	11465	9499	7869	8658
            1151	1045	1091	1244	1169	1267	957	863	857	954	911	912	723	545	424	301	222	229	1169	1035	1024	1115	1053	1130	861	813	758	912	960	840	689	578	465	354	343	384
            3854	3743	3863	4871	6334	4985	4022	4333	3877	4310	4645	4968	4374	2762	1930	1350	1023	889	3701	3599	3659	4620	6260	4852	3924	3787	3751	4362	5061	5163	4502	2899	2098	1715	1457	1593
            8073	6655	5763	7583	8433	7625	6344	7034	7148	6894	5837	4314	3369	2391	2008	1588	1271	891	7740	6381	5470	7311	7543	5739	4019	5047	5723	6052	5687	4680	3654	2736	2316	1987	1571	1324
            530	484	499	575	697	733	444	350	413	543	699	745	625	502	381	304	271	242	468	426	474	577	664	711	471	353	390	621	704	781	658	519	374	398	355	415
            35878	31742	30645	35263	36473	32725	25749	24480	25206	27100	25582	21320	17359	12940	9843	7830	6022	7348	34448	30522	29274	32871	31200	27742	21944	21939	23708	26832	25996	21378	17321	13126	10179	8553	7479	10791
            6547	6142	5673	6458	8691	8365	7615	8047	7262	6498	4656	3453	3007	2153	1530	1021	641	564	6044	5643	5400	5705	5029	4349	4005	4589	4940	4870	4341	3347	2840	2083	1687	1257	903	979
            1932	1796	2221	2792	2450	1682	1174	1690	2316	2576	2697	2438	2374	1787	1432	1131	797	680	2016	1856	2071	2486	2361	1474	1084	1939	2518	2795	2795	2616	2378	1945	1588	1289	1013	1070
            1016	808	874	1333	3043	2947	2551	2302	1708	1464	1241	1236	1095	666	435	331	254	227	836	671	803	968	1100	1043	655	663	759	1001	1031	1013	880	566	455	350	294	335
            381830	385510	380628	415683	374699	350385	349529	380032	403315	397166	358059	295874	237285	167611	120496	87043	62472	53902	367366	371069	362467	399046	360707	331167	335762	369230	386799	388334	362668	313427	263991	191068	143964	114953	94830	102640
            6640	6147	5373	5734	5822	6505	5092	4184	3771	3882	4063	3719	3225	2226	1754	1596	1303	1442	6419	5977	5008	5478	5790	6120	5429	5508	5003	4866	4767	4348	3304	2473	1950	1780	1580	2000
            5831	7060	6968	7825	8712	7731	5817	7242	8913	10231	10595	10405	9861	7200	4366	2968	2042	1806	5593	6776	6842	7117	7102	5885	4494	6538	8794	10673	11343	11537	11136	7870	5098	3668	2978	3423
            371	360	442	627	677	648	500	479	576	732	760	774	686	572	450	328	245	187	404	389	465	552	635	491	312	436	569	720	815	757	634	610	494	364	287	260
            3268	2914	2788	3265	3713	3735	2835	2629	2681	2821	3209	3415	3428	2216	1517	1084	808	700	3144	2810	2717	3068	3438	3417	2453	2395	2505	2943	3366	3675	3532	2426	1680	1295	1120	1290
            12679	11101	10907	13250	13376	12549	9696	8531	8512	8519	7737	6247	4985	3594	2702	2097	1355	1074	12192	10685	10603	12897	12549	11484	8836	8503	8654	8991	7988	6554	5215	3974	3220	2677	1984	1798
            211	188	279	350	399	413	199	218	243	314	348	355	369	259	219	195	114	115	224	192	249	300	369	343	182	205	241	324	358	378	377	269	221	195	152	180
            395	399	394	407	600	629	761	676	572	570	670	586	513	350	254	152	93	58	370	383	377	462	403	415	444	445	424	555	592	569	432	310	215	115	63	52
            18648	17921	15825	17147	18780	20582	17519	16052	16931	16372	14767	12534	10632	7028	4885	3591	2671	2152	17920	17266	14939	15679	15657	15121	14913	14968	14647	14238	13962	12637	11133	7705	5622	4760	3967	4121
            4299	4430	4522	5040	5095	5109	4485	4464	4860	5192	5151	4807	4244	3119	2181	1716	1342	1607	3969	4091	4187	4739	4667	4464	3817	4042	4723	5078	5145	4974	4395	3352	2397	2054	1742	2622
            2903	2328	2713	3997	4753	4489	2770	2304	2789	3395	3806	3839	3775	2661	1983	1420	1068	880	2665	2265	2528	3680	4232	3981	2862	2818	3311	4061	4569	4597	3885	2834	2109	1699	1418	1523
            112967	109546	109303	126020	120759	118512	112041	121411	127904	126540	114337	92124	77568	56227	39064	27311	18311	14672	108666	105412	104735	119470	112668	108124	105626	118298	126197	126392	115850	98222	85332	62896	45666	34990	27569	29432
            10742	10773	11808	13872	12148	8825	6912	10163	13539	14820	13669	11574	9702	7113	5481	4353	2952	2512	9946	10037	11449	13410	11421	8166	6832	11238	14618	15634	14532	12116	10276	7920	6407	5314	4087	4752
            589	470	498	621	847	822	455	390	431	621	755	886	834	673	572	411	337	261	564	448	448	643	765	731	412	377	453	687	922	903	809	664	526	471	372	399
            94213	77976	74443	89566	86625	75754	68731	71845	74594	72112	65231	52881	44549	36338	32297	26822	18465	14219	90525	74616	71137	86103	81769	70422	64366	70530	73478	72846	66366	57144	49838	42654	38144	31947	23909	22693
            60820	55748	53247	60701	60791	56596	57223	59740	53704	52249	47872	41274	34608	22669	16568	12821	9027	7911	58635	53915	51354	57483	57149	55033	58960	60170	53441	53378	51690	46027	39453	27505	21364	17150	13909	15663
            2380	2375	2551	2778	2630	2331	1827	1985	2262	2443	2180	1788	1476	967	638	483	297	262	2288	2278	2343	2567	2410	2044	1643	1943	2288	2473	2214	1831	1454	1055	655	518	425	448
            87100	75639	78132	95248	99011	90090	82595	75899	72160	69111	63821	52742	42641	29472	21162	15093	10015	8006	83658	72196	73402	88995	90263	79260	74932	78538	74109	71641	66100	56599	45908	33481	26025	20459	15058	14816
            118011	101591	88725	111987	139076	140111	148372	131074	116884	115434	107143	89601	73618	49254	35315	27785	20616	17785	113467	97596	84683	102356	116311	123777	134929	123739	117988	119262	112524	96730	81213	57074	44418	37044	30637	32821
            23428	20584	15486	15922	16685	19706	31040	49971	50089	39213	31482	27509	24078	15537	12039	9546	7191	6360	22591	19823	14617	15559	16136	19558	31857	47188	41466	30596	26476	25336	23935	16383	14114	11933	10762	12034
            31411	28164	28606	35176	33978	29299	25289	25836	24964	23912	22346	18895	15741	11002	7665	5418	3818	3186	30087	26735	26828	31450	30999	28180	24562	24025	24238	25119	23706	20233	16846	12189	8945	6953	5514	5834
