function or2010f = orfcst
    ## 2010 forecast, from 2004 http://www.oregon.gov/DAS/OEA/Pages/demographic.aspx
         
    or2010f = [442	2207	12123	1059	1398	1621	693	456	4578	2947	49	191	227	841	6204	861	2166	2190	211	9697	1163	3683	1165	12448	492	23650	2397	44	697	2655	855	172	763	20853	27	3538
               421	2055	11971	1057	1444	1638	687	428	4554	2941	52	187	217	820	6085	835	2150	2189	204	9486	1170	3645	1243	11884	472	23046	2224	47	642	2567	837	160	771	20869	31	3224
               474	2222	13626	1151	1730	1789	801	520	4911	3332	61	226	242	751	6701	805	2482	2267	217	10355	1329	3906	1207	11870	572	21058	2331	60	691	2788	801	232	876	20023	47	3275
               501	4179	13938	1302	1856	2031	860	563	4915	3449	73	292	287	733	7144	867	2826	2475	256	12402	1362	3932	1237	11653	596	21126	2753	59	898	2895	1033	246	849	18727	57	3579
               408	6253	13492	1211	1582	1706	769	470	4568	3195	47	185	241	669	7028	706	2465	2393	202	15253	1146	3356	1051	11453	422	22830	3274	54	701	2588	1284	238	620	17325	24	3691
               471	3069	14894	1276	1468	1797	927	493	5400	3459	61	264	241	692	7052	729	2540	2294	223	12209	1251	3740	1232	13200	531	27133	2960	44	937	2908	797	229	732	20213	33	4169
               438	3182	13356	1097	1210	1597	756	382	5391	2910	43	179	175	739	6293	650	2069	2088	180	12076	1281	3362	1631	12372	457	29001	2550	35	798	2687	700	157	676	21257	21	4046
               503	2790	12637	1003	1414	1653	705	388	5766	2773	41	164	171	779	6035	640	2056	2048	198	11793	1302	3304	1334	11711	474	30662	1961	39	656	2557	688	147	638	22770	37	3434
               539	2390	12933	1029	1613	1811	684	497	5415	2930	58	203	212	763	6021	734	2325	1975	192	10934	1399	3504	1381	11368	411	29140	1992	46	751	2625	651	144	678	22268	47	3482
               557	2408	13828	1285	1818	2182	690	719	5724	3356	66	277	317	826	6662	776	2620	2160	254	11204	1546	3654	1346	11134	462	26978	2073	66	907	2789	624	213	761	20042	52	3667
               648	2585	14694	1412	1946	2439	805	776	6003	3927	96	292	316	828	7098	726	3061	2204	291	11575	1750	3803	1267	10456	529	25881	2231	103	1036	2671	757	285	868	18009	52	3507
               682	2795	13997	1567	1985	2553	761	920	5980	4090	79	334	315	796	7586	682	3363	2259	316	12367	2040	3799	1177	9608	437	24275	2328	80	1132	2591	881	399	942	15620	61	3135
               575	2314	11882	1362	1594	2412	751	881	5605	3838	77	297	247	579	7013	672	3217	2189	280	10832	1902	3280	885	8274	376	19100	2095	79	1067	2030	775	325	840	12353	59	2559
               444	1410	8341	889	1167	1877	531	823	3850	2861	48	231	197	398	5032	516	2500	1612	218	7268	1327	2568	682	5673	256	11693	1486	54	845	1452	574	219	572	8056	73	1843
               400	929	5080	627	794	1477	460	751	2706	2183	41	161	152	265	3567	404	1833	1206	169	5194	1039	1756	501	3953	196	7441	1023	46	632	1079	456	178	440	5132	53	1159
               281	731	3278	477	539	1098	297	568	1717	1809	36	118	103	209	2742	284	1494	903	130	3700	818	1268	354	2808	144	5054	792	40	453	722	323	132	305	3486	36	845
               228	514	2353	337	353	759	216	416	1239	1335	25	83	74	156	2031	180	1096	601	90	2806	563	973	301	2088	94	3829	578	41	359	585	235	109	217	2441	38	634
               196	596	2285	296	293	614	147	401	1099	1069	28	70	61	170	1928	119	984	471	81	2718	437	930	301	2050	63	3549	729	35	297	552	223	109	226	2727	29	638
               418	2076	11465	998	1322	1536	652	429	4340	2788	46	180	214	793	5846	812	2045	2073	199	9171	1097	3483	1100	11765	467	22366	2265	41	657	2509	810	161	717	19724	26	3348
               398	1924	11325	970	1364	1570	637	415	4375	2792	48	174	202	755	5710	799	2028	2081	190	9002	1090	3460	1159	11228	460	21805	2110	43	598	2417	804	148	719	19725	29	3091
               443	2141	13116	1076	1597	1810	877	472	4898	3203	41	235	190	730	6319	836	2397	2166	176	9922	1105	3790	1227	11337	551	20283	2256	69	598	2670	798	171	801	19050	44	3240
               458	3986	13174	1248	1715	2058	837	574	4627	3218	51	254	237	801	6899	790	2588	2221	242	11863	1214	3724	1133	11246	486	20598	2695	56	699	2673	1027	194	777	18059	37	3317
               395	5920	12894	1096	1536	1591	709	489	4091	2960	47	167	233	664	6963	702	2271	2079	178	14941	1138	3345	974	10805	438	22016	2881	58	644	2368	1243	209	669	16775	22	3502
               431	3300	13959	1138	1417	1707	753	492	5072	3346	51	251	200	694	6866	645	2413	2059	233	12353	1183	3510	1136	11760	471	26592	2939	38	817	2609	853	234	697	19149	28	4072
               392	2613	12424	999	1297	1515	710	412	5139	2885	44	175	171	608	6485	607	2077	1970	184	11433	1097	3346	997	10874	400	29095	2806	33	600	2169	710	129	657	20321	38	3858
               498	2592	12370	1005	1457	1562	719	400	5138	2753	57	224	206	750	6098	678	2138	2008	209	10779	1268	3342	858	9787	422	29076	1942	37	562	2299	702	175	646	21017	32	2733
               521	2390	12863	1062	1665	1721	683	492	5342	3103	53	215	222	726	6175	660	2340	2015	210	10518	1431	3373	878	9789	423	26677	2021	51	677	2315	626	157	690	20393	54	3069
               596	2616	14427	1348	1878	2261	740	697	5929	3665	71	269	263	766	7101	727	2915	2276	254	11488	1714	3809	948	10077	461	25649	2250	85	853	2451	786	245	805	19371	56	3195
               701	2916	15495	1520	1983	2699	831	944	6604	4237	85	335	310	863	7950	712	3366	2316	326	12458	2036	3916	896	10470	471	25634	2429	78	1088	2480	861	306	937	18529	59	3383
               642	2964	14790	1667	1844	2785	782	913	6325	4236	86	305	272	742	7992	716	3570	2454	315	13105	2297	3801	945	9901	438	24570	2580	87	1139	2390	910	396	873	16170	71	3021
               573	2307	12388	1327	1595	2528	765	994	5570	3844	61	278	261	554	7121	646	3410	2192	261	11099	2132	3517	807	8493	342	19528	2112	66	1148	1948	806	287	866	13324	58	2456
               491	1544	8525	932	1156	2079	542	939	4026	3014	52	216	181	412	5361	541	2741	1619	209	7832	1540	2651	651	6201	263	12463	1522	60	905	1388	597	223	581	8876	62	1842
               392	1051	5530	746	753	1604	430	787	2706	2458	54	180	162	289	3830	452	2027	1265	175	5733	1211	1975	486	4554	185	8910	1101	44	682	1129	458	162	451	6004	53	1259
               335	896	4089	565	549	1258	340	587	1938	2080	35	134	143	266	3262	283	1705	1042	137	4681	1062	1588	435	3709	136	6972	1005	33	539	911	400	146	397	4503	50	1038
               253	754	3464	482	457	997	253	475	1526	1657	35	92	86	226	2754	204	1314	820	109	4166	745	1338	372	3186	88	6270	804	41	431	802	289	118	334	3866	32	914
               353	1104	4531	544	501	1050	250	566	1726	1733	44	115	105	344	3415	170	1596	788	109	5082	761	1691	532	3947	97	7961	1350	41	452	1003	420	160	360	5648	35	1169
              ];
endfunction
