function out = wafcst()
    ## blah
    ##out.description = "2002 GMA forecasts, age/sex rows, county columns";

    out = [
               924	744	6401	2815	1902	16170	96	3942	1518	217	3042	75	4133	2300	2424	639	58418	8590	1055	688	2910	306	1555	1404	488	377	28279	297	4383	347	24504	16208	1381	7799	104	2027	5893	1128	11132
               892	731	6037	2769	1789	15798	98	3841	1380	231	2959	73	4001	2249	2590	691	56946	8104	1063	732	2708	324	1708	1561	525	398	27253	333	4173	379	24678	15922	1475	7708	111	1949	5921	1114	11177
               819	840	6115	2719	1874	16696	113	3674	1494	271	2645	71	3677	2238	2803	717	51308	8463	946	791	2535	384	1879	1613	604	487	27150	395	4165	391	26225	15773	1592	8306	138	2023	6186	1002	9760
               878	814	6170	2971	2407	16265	134	3951	1469	410	2390	81	3462	2533	2560	764	56242	9255	1645	776	2833	338	2049	1448	655	424	28809	406	4578	355	27218	17554	1737	9150	125	2473	7900	2252	9277
               621	636	5369	2601	2294	13639	84	3394	1385	198	2044	58	2946	2586	2409	530	70662	9934	3034	470	2567	221	1695	919	428	298	28952	291	3963	241	24692	16864	1074	8697	77	3214	10560	5322	7434
               721	716	5980	2716	2143	14018	109	3659	1439	196	2493	80	3654	2632	2666	739	76205	9174	1325	514	2825	252	1736	1177	485	359	29415	370	4293	285	24770	16342	1329	8593	114	2721	6528	1615	9169
               680	692	5153	2275	1668	13215	122	3649	1106	235	2188	60	3237	1962	2598	774	65429	9355	927	534	2331	219	1714	1384	507	355	26606	434	3957	304	22893	16634	1221	8525	118	2246	5234	1285	9407
               585	638	4791	2207	1466	15344	94	3404	1168	233	1815	60	2988	1626	2370	704	70833	8044	894	671	2200	275	1684	1563	516	308	25449	424	3794	318	24416	14770	1184	9081	99	1660	5889	931	7171
               578	619	5004	2391	1516	15547	122	3393	1114	230	1798	57	2730	1906	2326	787	74258	8566	994	676	2205	279	1772	1348	568	339	27711	414	3804	381	27655	14588	1278	8693	115	1919	6441	863	7108
               562	716	5681	2526	1981	16138	143	3682	1400	271	1679	92	2736	2178	2824	929	73446	10173	1052	751	2364	355	2161	1447	647	488	30587	555	4099	503	31130	16640	1637	9182	154	2014	6462	977	7421
               501	779	5852	2697	2272	15710	148	3847	1355	330	1658	101	2661	2461	2803	1193	71675	9778	1138	916	2719	432	2423	1682	742	587	29538	666	4165	513	29582	17013	1975	9221	155	1790	6522	1004	7228
               497	719	5365	2656	2462	13767	164	3530	1260	410	1509	120	2402	2464	2605	1299	63188	8989	1071	839	2574	438	2234	1715	888	607	24639	807	4082	490	24364	15460	1825	8875	161	1813	6427	961	6301
               366	602	4412	2016	2256	11527	159	3142	1016	331	1096	83	1944	2133	2388	1353	52234	7803	941	795	2263	347	1943	1385	763	551	20115	836	3562	388	18974	12805	1669	7945	182	1524	5559	749	5344
               300	519	2928	1442	1974	8145	124	2288	748	229	726	64	1488	1602	1993	1143	33767	5376	732	566	1706	284	1562	1103	700	414	14035	701	2592	279	12875	8302	1294	5574	137	1085	3826	572	3885
               208	428	1870	1121	1746	5163	85	1609	553	223	480	49	1042	1172	1743	946	20723	3453	587	404	1369	259	1402	853	662	323	9148	569	2033	165	8157	5581	989	3628	118	713	2603	372	2650
               150	300	1274	837	1435	3294	60	1151	434	159	336	49	846	931	1300	829	14088	2290	398	290	1004	193	1134	607	548	224	6674	399	1479	118	5323	4270	667	2455	88	558	1950	279	1924
               120	221	886	612	1125	2254	50	797	293	77	252	27	590	684	878	539	10140	1603	253	205	729	126	788	417	412	152	4446	256	1148	76	3548	2934	441	1667	53	430	1354	217	1428
               90	193	769	568	988	1957	51	725	263	56	227	36	532	607	744	436	10295	1459	229	155	658	125	574	334	326	109	3886	205	1044	58	3243	2944	307	1487	45	513	1223	230	1382
               880	708	6105	2686	1821	15427	91	3761	1451	208	2901	70	3942	2202	2329	613	55740	8214	1005	658	2781	290	1492	1340	468	360	26996	285	4185	332	23393	15455	1318	7456	100	1936	5606	1076	10608
               849	697	5760	2636	1712	15074	92	3662	1318	220	2823	69	3816	2155	2512	666	54351	7751	1013	698	2586	307	1642	1489	501	382	26026	320	3984	362	23566	15186	1407	7369	107	1868	5633	1065	10657
               796	734	5816	2690	1787	15920	148	3594	1434	261	2384	68	3524	2166	2599	743	48662	7776	981	794	2496	330	1715	1510	557	403	25875	402	3952	421	25055	14919	1601	7935	128	1847	5949	910	9473
               747	794	6007	2773	2005	15404	122	3739	1470	299	2157	78	3181	2416	2217	726	55473	8614	1580	728	2585	296	1750	1457	560	421	26565	399	4361	307	24864	16883	1615	8778	99	2495	8031	2396	8752
               584	618	5333	2542	1867	13482	95	3329	1286	179	1725	52	2902	2071	1906	490	70969	7833	2891	491	2444	207	1150	951	412	304	27140	297	3936	222	22230	16344	1011	8311	83	2713	11128	4506	7323
               690	749	5915	2526	1958	13903	94	3593	1464	195	2125	80	3334	2235	2027	660	71913	8384	1222	495	2651	277	1275	1211	425	400	28384	350	4152	302	23695	15854	1333	8346	112	1914	6880	1342	8767
               602	722	5093	2123	1620	13569	112	3459	1110	223	1944	48	2727	2100	2375	616	61749	8792	1081	545	2294	231	1459	1228	472	288	25149	365	3690	281	22484	16292	1161	8466	89	1561	4522	1263	8408
               531	665	4766	2215	1454	14950	103	3337	1162	243	1706	56	2660	1798	2384	663	65812	7216	875	666	2065	244	1663	1370	486	350	24738	401	3667	343	24950	14321	1234	8696	107	1534	5161	971	6823
               513	689	5053	2234	1532	15447	111	3396	1160	246	1529	79	2515	1944	2453	810	68459	8174	948	654	2114	311	1700	1368	562	412	27644	442	3733	372	27179	14566	1460	8750	123	1732	6115	998	6631
               506	805	5800	2603	2141	16351	155	3713	1413	292	1607	94	2612	2338	2942	1008	70988	9546	1100	821	2589	388	2146	1556	685	574	30563	626	4136	486	30036	16861	1685	9815	166	1840	6716	1006	7208
               507	829	5935	2735	2492	15695	163	3794	1439	329	1434	97	2582	2569	3031	1347	70246	9993	1177	914	2734	449	2281	1814	856	591	29851	819	4452	506	28978	17223	2085	10328	147	1983	6780	1028	7142
               467	781	5338	2506	2675	14460	155	3552	1276	342	1307	121	2266	2356	3073	1526	64614	9529	1063	887	2610	412	2174	1646	894	560	25593	913	4297	470	25105	16006	1989	10080	159	1804	7034	885	6478
               371	662	4298	2046	2566	12286	149	3157	1004	304	998	86	1892	2141	2731	1582	54032	8215	977	703	2303	344	1964	1416	792	509	21181	1003	3838	336	20348	13109	1636	8847	167	1504	5923	759	5348
               259	607	2994	1545	2313	8587	125	2346	831	249	667	50	1426	1634	2503	1353	35439	5600	770	541	1812	296	1714	1064	783	412	15140	756	2832	231	13997	9089	1274	6197	150	1126	4083	598	3921
               211	472	2195	1187	1881	5792	92	1749	601	187	488	58	1143	1311	1850	1037	23900	3693	582	421	1476	256	1502	853	767	294	10905	570	2183	162	9385	6636	942	4082	114	882	2893	425	3027
               175	382	1684	996	1634	4046	81	1373	516	131	449	63	1020	1089	1424	775	18872	2766	431	318	1230	215	1164	702	583	255	8607	374	1743	128	7043	5533	685	3035	81	779	2284	337	2513
               144	323	1396	874	1334	3373	67	1191	404	76	394	45	817	905	1060	622	16687	2348	310	234	947	162	917	536	486	183	7054	276	1503	105	5489	4765	464	2473	65	757	1867	278	2175
               178	438	1691	1137	1664	4066	89	1480	462	93	417	60	903	1184	1210	643	23279	2988	452	285	1276	214	883	590	504	176	8477	360	1849	111	6913	6771	610	3137	78	1083	2421	433	2983
    ];
endfunction
