function out = cashumex
    ## human example p 78
    out = zeros(10,10);
    out(1,:)  = [0 .00102 .08515 .30574 .40002 .28061 .15260 .06420 .01483 .00089];
    out(2,1)  = 0.99670; 
    out(3,2)  = 0.99837; 
    out(4,3)  = 0.99780; 
    out(5,4)  = 0.99672; 
    out(6,5)  = 0.99607; 
    out(7,6)  = 0.99472; 
    out(8,7)  = 0.99240; 
    out(9,8)  = 0.98867; 
    out(10,9) = 0.98274; 

endfunction
