allpop2000s = nan(18,3,39);

allpop2000s(:,:,1) = [1562	1625	2015
		 1612	1459	1811
		 1489	1500	1647
		 1495	1491	1649
		 1072	1166	1261
		 1081	1111	1242
		 1086	1082	1256
		 1092	1070	1144
		 1056	1059	1055
		 1046	1027	1037
		 860	984	1003
		 700	772	957
		 573	696	736
		 483	539	599
		 445	448	449
		 349	384	336
		 226	285	267
		 199	220	264];
allpop2000s(:,:,2) = [1406	1249	1261
		 1444	1295	1335
		 1428	1403	1273
		 1524	1408	1395
		 1104	1281	1188
		 1127	1092	1245
		 1201	1071	1168
		 1461	1209	1096
		 1575	1418	1214
		 1496	1617	1536
		 1281	1530	1650
		 1163	1400	1613
		 986	1259	1477
		 844	1051	1267
		 810	866	1043
		 640	731	776
		 554	510	570
		 509	518	516];
allpop2000s(:,:,3) = [10776	11190	13071
		 11681	11737	13081
		 12313	12902	13350
		 11683	12495	12914
		 8103	10506	10955
		 8386	9475	11972
		 9363	9347	11066
		 11135	10454	10672
		 11742	11874	11062
		 11055	12478	12443
		 9490	11773	12624
		 6907	9817	11759
		 5177	6922	9622
		 4164	4989	6787
		 3691	3834	4728
		 3155	3317	3546
		 2083	2466	2747
		 1569	2150	2778];
allpop2000s(:,:,4) = [4749	4591	4915
		 5143	4518	4864
		 5452	5229	5072
		 5189	5238	5202
		 3621	4274	4260
		 3819	3713	4309
		 4161	3783	4098
		 4845	4140	4082
		 5268	4902	4291
		 5142	5316	5034
		 4174	5205	5523
		 3180	4368	5214
		 2630	3320	4414
		 2348	2768	3237
		 2264	2266	2582
		 1962	1972	1961
		 1369	1644	1562
		 1295	1500	1833];
allpop2000s(:,:,5) = [3313	3165	3363
		 3736	3525	3398
		 4309	3957	3822
		 4478	4383	3994
		 2830	3646	3598
		 2797	2937	3591
		 2976	3019	3460
		 4012	3294	3365
		 4695	4395	3579
		 5044	5020	4497
		 4639	5680	5480
		 4057	5527	6093
		 3565	4944	5975
		 3489	4171	5255
		 3494	3509	3961
		 3091	3099	3021
		 2092	2379	2439
		 1566	2070	2513];
allpop2000s(:,:,6) = [26886	28479	29429
		 28277	30770	31139
		 27994	31168	32840
		 24875	28080	30021
		 20069	23383	24383
		 22919	25438	26418
		 25800	27353	28467
		 28856	29304	29691
		 28834	31129	29997
		 26638	30389	31452
		 23050	27906	30440
		 16612	24587	28119
		 11613	17441	24257
		 8907	11848	16888
		 8233	8832	11194
		 7069	7490	7916
		 4731	5798	6304
		 3872	4882	6408];
allpop2000s(:,:,7) = [217	203	216
		 268	237	197
		 291	264	247
		 295	239	230
		 186	200	158
		 161	169	182
		 202	177	166
		 270	221	193
		 294	259	229
		 315	285	324
		 323	332	306
		 275	314	342
		 214	283	351
		 190	215	305
		 185	194	222
		 183	141	149
		 113	137	116
		 82	104	145];
allpop2000s(:,:,8) = [6203	5994	6564
		 7135	6462	6760
		 7261	7426	6994
		 6824	6946	7157
		 5212	5342	5683
		 5469	5403	5702
		 5957	5594	5956
		 6836	6187	6140
		 7290	6922	6420
		 6999	7496	7237
		 6478	7222	7837
		 4999	6700	7342
		 3912	5155	6813
		 3293	3926	5173
		 3062	3146	3618
		 2596	2696	2728
		 1791	1996	2117
		 1628	1923	2169];
allpop2000s(:,:,9) = [2464	2346	2803
		 2679	2601	2832
		 2812	2792	2956
		 2590	2805	2895
		 1712	2060	2192
		 1810	1860	2360
		 1930	2075	2344
		 2538	2122	2342
		 2606	2581	2318
		 2439	2552	2591
		 2003	2462	2685
		 1614	2068	2514
		 1256	1705	2156
		 1174	1279	1747
		 1037	1159	1291
		 888	936	1008
		 574	650	701
		 463	569	696];
allpop2000s(:,:,10) = [394	410	388
		  503	420	376
		  589	547	430
		  695	622	543
		  321	394	402
		  316	305	335
		  356	325	317
		  459	368	340
		  568	487	401
		  670	628	538
		  586	663	614
		  459	634	759
		  431	553	680
		  343	422	523
		  216	304	377
		  192	177	240
		  95	133	135
		  69	103	153];
allpop2000s(:,:,11) = [4935	6737	8297
		  4859	5640	7699
		  4466	5585	6912
		  4500	4969	6214
		  3670	4606	5645
		  3675	5058	6482
		  3467	4569	6187
		  3442	4025	5464
		  3308	3930	4683
		  3141	3693	4278
		  2493	3384	4078
		  1822	2745	3734
		  1393	1908	2794
		  1210	1362	1948
		  1115	1119	1342
		  880	894	993
		  604	647	780
		  398	489	633];
allpop2000s(:,:,12) = [110	89	96
		  162	131	107
		  199	168	159
		  206	182	148
		  74	87	75
		  81	44	89
		  107	82	105
		  159	109	116
		  178	142	107
		  222	195	165
		  162	233	183
		  116	188	221
		  120	124	189
		  139	118	127
		  106	120	94
		  114	101	101
		  73	82	88
		  69	79	96];
allpop2000s(:,:,13) = [6524	6808	8075
		  6599	6533	7421
		  6721	6728	7350
		  6522	6851	7193
		  4882	5538	6101
		  4908	4989	6008
		  4856	5046	5681
		  5183	5101	5492
		  5207	5194	5180
		  4771	5141	5429
		  4075	4872	5396
		  3240	4241	4935
		  2604	3327	4328
		  2480	2556	3469
		  2206	2321	2383
		  1829	1855	1982
		  1216	1278	1409
		  891	1152	1288];
allpop2000s(:,:,14) = [4186	4046	4260
		  4598	4226	4141
		  5170	4749	4493
		  5142	5075	4770
		  3469	4319	4312
		  3581	3838	4294
		  4000	4057	4266
		  4671	4282	4216
		  5226	4938	4390
		  5142	5506	5176
		  4735	5496	5707
		  3783	5102	5634
		  3124	4064	5289
		  2801	3172	3933
		  2567	2506	2936
		  2309	2154	2022
		  1452	1603	1509
		  1185	1290	1449];
allpop2000s(:,:,15) = [4781	4740	4542
		  5179	4694	4338
		  5259	5151	4518
		  4735	5122	4615
		  4399	5710	5157
		  4449	4477	5023
		  4695	4050	4121
		  5575	4533	4053
		  5314	5363	4412
		  5120	5542	5251
		  4575	5777	5730
		  3956	5697	6206
		  3315	4951	6101
		  2916	3896	4994
		  2612	2759	3500
		  2367	2159	2475
		  1379	1755	1718
		  945	1213	1752];
allpop2000s(:,:,16) = [1058	1063	1068
		  1410	1179	1127
		  1640	1455	1367
		  1539	1538	1354
		  864	1110	1105
		  909	969	1121
		  1193	1134	1197
		  1583	1350	1253
		  2146	1767	1478
		  2397	2389	1942
		  2412	2663	2561
		  2010	3034	3063
		  1660	2576	3394
		  1583	1960	2852
		  1448	1551	1878
		  1205	1255	1338
		  697	884	948
		  547	629	826];
allpop2000s(:,:,17) = [105311	109956	120294
		  111166	102620	113295
		  109991	111256	110789
		  108258	112281	117514
		  116601	123776	129822
		  141803	144781	160656
		  152644	142208	152061
		  155531	148155	149158
		  153291	149327	147632
		  139186	147084	147837
		  119947	132000	143295
		  83463	111250	126272
		  58099	74220	101945
		  46233	50779	67317
		  42659	40117	45430
		  40172	36284	35200
		  28179	30931	28948
		  24541	28243	33784];
allpop2000s(:,:,18) = [15535	14675	14831
		  17468	15453	15139
		  18193	17689	15987
		  17174	17377	17259
		  15047	17414	18696
		  14077	13837	16880
		  15799	13858	14394
		  19236	15870	14334
		  19643	18791	16189
		  18776	19638	19029
		  16562	19040	19753
		  11724	16948	18878
		  8190	12057	16468
		  6528	8211	11646
		  6057	6026	7506
		  5256	5119	5375
		  3637	4223	4259
		  3080	3580	4510];
allpop2000s(:,:,19) = [1706	1933	2034
		  1869	1867	2040
		  1990	2081	2147
		  3267	3657	3879
		  5249	6743	6822
		  2078	2043	2764
		  1787	1891	2013
		  2066	1922	2010
		  2284	2178	2100
		  2168	2451	2399
		  2013	2368	2673
		  1646	2225	2534
		  1372	1753	2288
		  1099	1412	1808
		  885	1008	1256
		  794	788	824
		  543	610	603
		  553	607	721];
allpop2000s(:,:,20) = [1231	1108	1114
		  1369	1136	1207
		  1605	1390	1336
		  1451	1428	1231
		  782	860	832
		  934	797	927
		  1040	993	1031
		  1325	1061	1195
		  1621	1339	1208
		  1606	1604	1423
		  1473	1714	1655
		  1155	1585	1853
		  932	1234	1681
		  773	1010	1332
		  671	722	908
		  474	603	619
		  400	368	414
		  328	327	352];
allpop2000s(:,:,21) = [4398	4351	4585
		  4752	4602	4539
		  5450	5185	5094
		  5553	5460	5311
		  3672	4333	4242
		  3536	3917	4269
		  3854	3852	4201
		  4656	4205	4120
		  5261	4912	4449
		  5143	5528	5316
		  4679	5231	5655
		  3737	4992	5482
		  3231	4077	5116
		  2853	3392	4169
		  2562	2656	3116
		  2236	2237	2296
		  1616	1600	1753
		  1396	1530	1742];
allpop2000s(:,:,22) = [584	528	551
		  675	660	645
		  803	755	744
		  727	709	676
		  313	407	391
		  391	347	405
		  492	457	463
		  660	534	480
		  817	669	566
		  827	836	719
		  709	878	948
		  634	781	916
		  610	657	869
		  535	631	690
		  448	507	549
		  386	405	393
		  277	301	282
		  285	288	283];
